0.000000 299.998000 0.999794 
299.998000 0.999794 
2233183772013048357977001336429652450239189000000000000000000000000000000000000000000000000000000000000000000000000000000000000000000000000000000000000000000000.000000 27537737948738.488281 
299.998000 0.999794 
0.000000 299.998000 0.999794 
299.998000 0.999794 
2233183772013048357977001336429652450239189000000000000000000000000000000000000000000000000000000000000000000000000000000000000000000000000000000000000000000000.000000 27537737948738.488281 
299.998000 0.999794 
0.000000 299.998000 0.999794 
299.998000 0.999794 
2233183772013048357977001336429652450239189000000000000000000000000000000000000000000000000000000000000000000000000000000000000000000000000000000000000000000000.000000 27537737948738.488281 
299.998000 0.999794 
0.000000 299.998000 0.999794 
299.998000 0.999794 
2233183772013048357977001336429652450239189000000000000000000000000000000000000000000000000000000000000000000000000000000000000000000000000000000000000000000000.000000 27537737948738.488281 
299.998000 0.999794 
0.000000 299.998000 0.999794 
299.998000 0.999794 
2233183772013048357977001336429652450239189000000000000000000000000000000000000000000000000000000000000000000000000000000000000000000000000000000000000000000000.000000 27537737948738.488281 
299.998000 0.999794 
0.000000 299.998000 0.999794 
299.998000 0.999794 
2233183772013048357977001336429652450239189000000000000000000000000000000000000000000000000000000000000000000000000000000000000000000000000000000000000000000000.000000 27537737948738.488281 
299.998000 0.999794 
0.000000 299.998000 0.999794 
299.998000 0.999794 
2233183772013048357977001336429652450239189000000000000000000000000000000000000000000000000000000000000000000000000000000000000000000000000000000000000000000000.000000 27537737948738.488281 
299.998000 0.999794 
0.000000 299.998000 0.999794 
299.998000 0.999794 
2233183772013048357977001336429652450239189000000000000000000000000000000000000000000000000000000000000000000000000000000000000000000000000000000000000000000000.000000 27537737948738.488281 
299.998000 0.999794 
0.000000 299.998000 0.999794 
299.998000 0.999794 
2233183772013048357977001336429652450239189000000000000000000000000000000000000000000000000000000000000000000000000000000000000000000000000000000000000000000000.000000 27537737948738.488281 
299.998000 0.999794 
0.000000 299.998000 0.999794 
299.998000 0.999794 
2233183772013048357977001336429652450239189000000000000000000000000000000000000000000000000000000000000000000000000000000000000000000000000000000000000000000000.000000 27537737948738.488281 
299.998000 0.999794 
